484749433
484749433
484749433
970518433
5235744796
5235744796
5235744796
5235744796
5235744796
5235744796
5235744796
5235744796
5235744796
5235744796
5235744796
5235744796
5235744796
5235744796
5235744796
5235744796
5235744796
5235744796
5235744796
5235744796
5235744796
5235744796
5235744796
5235744796
5235744796
5235744796
5235744796
5235744796
5235744796
5235744796
5235744796
5235744796
5235744796
5235744796
5235744796
5235744796
5235744796
5235744796
5235744796
5235744796
5235744796
5235744796
5235744796
484749433
484749433
484749433
484749433
484749433
484749433
484749433
484749433
484749433
484749433
484749433
484749433
484749433
484749433
484749433
484749433
484749433
484749433
484749433
484749433
484749433
484749433
484749433
484749433
